fund_name NewMagic_Small20
090150 4550  881 
048470 7323  545 
002690 4534  882 
071280 5824  685 
213090 11158  358 
008470 6799  594 
067770 4861  827 
131090 1474  2711 
031310 4949  807 
059120 8069  495 
123750 5711  701 
060540 3064  1309 
044780 2077  1925 
096870 4784  835 
014440 4656  859 
080520 7517  535 
114630 5954  671 
005820 25368  158 
012620 13847  289 
089850 11374  349 
054930 21190  188 
215790 2154  1853 
134060 9806  407 
094970 3516  1135 
007370 5869  680 
039420 3523  1135 
056360 8924  447 
038950 6798  592 
189690 8533  467 
093380 4764  846 
fund_name HighPerf_LowVal
302440 158500  26 
285130 247750  18 
011780 229794  17 
187870 37672  105 
024090 17641  226 
003160 7055  566 
068930 8070  495 
084650 20755  191 
011170 281667  15 
098120 6310  632 
093520 6653  602 
215200 66646  59 
008420 5125  781 
024950 15175  263 
140070 5684  704 
317770 17948  222 
108320 105100  38 
160980 21821  183 
123750 5741  724 
161000 12115  330 
052790 9990  400 
089970 26575  151 
014830 76000  52 
084370 45768  87 
088390 17450  228 
040420 7280  549 
284740 48626  81 
095610 31097  131 
039340 7728  517 
267270 55400  72 
fund_name SuperQuant
035610 6368  942 
008420 5125  1171 
005810 28173  212 
006200 1255  4781 
048470 7205  831 
002690 4507  1330 
017480 7367  813 
039340 7728  775 
138930 7870  761 
012800 2372  2529 
008830 7665  782 
026940 4756  1261 
093520 6653  903 
041190 9150  655 
017650 14896  401 
018470 840  7144 
161000 12115  494 
126640 1990  3014 
059120 8074  741 
024090 17641  339



